DEPTH,GAMMAS,POSITRONS,ELECTRONS,MU+,MU-,HADRONS,CHARGED,NUCLEI,CHERENKOV
10,0.00000E+00,0.00000E+00,0.00000E+00,0.00000E+00,0.00000E+00,0.00000E+00,1.00000E+00,1.00000E+00,0.00000E+00
20,0.00000E+00,0.00000E+00,0.00000E+00,0.00000E+00,0.00000E+00,0.00000E+00,1.00000E+00,1.00000E+00,0.00000E+00
30,0.00000E+00,0.00000E+00,0.00000E+00,0.00000E+00,0.00000E+00,0.00000E+00,1.00000E+00,1.00000E+00,0.00000E+00
40,0.00000E+00,0.00000E+00,0.00000E+00,0.00000E+00,0.00000E+00,0.00000E+00,1.00000E+00,1.00000E+00,0.00000E+00
50,0.00000E+00,0.00000E+00,0.00000E+00,0.00000E+00,0.00000E+00,0.00000E+00,1.00000E+00,1.00000E+00,0.00000E+00
60,0.00000E+00,0.00000E+00,0.00000E+00,0.00000E+00,0.00000E+00,0.00000E+00,1.00000E+00,1.00000E+00,0.00000E+00
70,0.00000E+00,0.00000E+00,0.00000E+00,0.00000E+00,0.00000E+00,0.00000E+00,1.00000E+00,1.00000E+00,0.00000E+00
80,0.00000E+00,0.00000E+00,0.00000E+00,0.00000E+00,0.00000E+00,0.00000E+00,1.00000E+00,1.00000E+00,0.00000E+00
90,9.00000E+01,8.00000E+00,9.00000E+00,1.50000E+01,1.50000E+01,6.80000E+01,1.03000E+02,0.00000E+00,0.00000E+00
100,1.94000E+02,3.70000E+01,4.50000E+01,2.50000E+01,2.80000E+01,8.70000E+01,2.07000E+02,0.00000E+00,0.00000E+00
110,4.61000E+02,7.80000E+01,1.03000E+02,6.40000E+01,6.00000E+01,8.60000E+01,3.77000E+02,0.00000E+00,0.00000E+00
120,8.37000E+02,1.53000E+02,1.88000E+02,6.60000E+01,6.50000E+01,8.40000E+01,5.41000E+02,0.00000E+00,0.00000E+00
130,1.50600E+03,2.76000E+02,3.58000E+02,9.20000E+01,8.80000E+01,1.24000E+02,9.16000E+02,0.00000E+00,0.00000E+00
140,2.36800E+03,4.41000E+02,5.50000E+02,1.36000E+02,1.20000E+02,1.29000E+02,1.35300E+03,0.00000E+00,0.00000E+00
150,3.50900E+03,6.25000E+02,7.84000E+02,1.56000E+02,1.43000E+02,1.35000E+02,1.81000E+03,0.00000E+00,0.00000E+00
160,4.85300E+03,7.94000E+02,1.04400E+03,1.71000E+02,1.60000E+02,1.25000E+02,2.26000E+03,0.00000E+00,0.00000E+00
170,6.47400E+03,1.05600E+03,1.37900E+03,1.89000E+02,1.77000E+02,1.67000E+02,2.92200E+03,0.00000E+00,0.00000E+00
180,8.52000E+03,1.28500E+03,1.67200E+03,2.11000E+02,2.03000E+02,2.11000E+02,3.52800E+03,0.00000E+00,0.00000E+00
190,1.06400E+04,1.62200E+03,2.09500E+03,2.24000E+02,2.14000E+02,2.09000E+02,4.30700E+03,0.00000E+00,0.00000E+00
200,1.33990E+04,2.02800E+03,2.68200E+03,2.49000E+02,2.48000E+02,2.30000E+02,5.38100E+03,0.00000E+00,0.00000E+00
210,1.67860E+04,2.52500E+03,3.29900E+03,2.64000E+02,2.66000E+02,2.58000E+02,6.54700E+03,0.00000E+00,0.00000E+00
220,2.07730E+04,3.04500E+03,4.08100E+03,3.22000E+02,3.14000E+02,2.85000E+02,7.95800E+03,0.00000E+00,0.00000E+00
230,2.51160E+04,3.64200E+03,4.82300E+03,3.61000E+02,3.37000E+02,2.98000E+02,9.37000E+03,0.00000E+00,0.00000E+00
240,3.03600E+04,4.20000E+03,5.55900E+03,3.71000E+02,3.57000E+02,3.03000E+02,1.07030E+04,0.00000E+00,0.00000E+00
250,3.58850E+04,4.92400E+03,6.60200E+03,4.10000E+02,3.89000E+02,3.00000E+02,1.25280E+04,0.00000E+00,0.00000E+00
260,4.19180E+04,5.56500E+03,7.58600E+03,4.23000E+02,4.05000E+02,3.01000E+02,1.41740E+04,0.00000E+00,0.00000E+00
270,4.81680E+04,6.44300E+03,8.73700E+03,4.37000E+02,4.20000E+02,3.20000E+02,1.62450E+04,0.00000E+00,0.00000E+00
280,5.49200E+04,7.14800E+03,9.78600E+03,4.66000E+02,4.44000E+02,3.67000E+02,1.80910E+04,0.00000E+00,0.00000E+00
290,6.21620E+04,7.95800E+03,1.07960E+04,4.86000E+02,4.54000E+02,3.17000E+02,1.98990E+04,0.00000E+00,0.00000E+00
300,6.98600E+04,8.72400E+03,1.19070E+04,4.98000E+02,4.67000E+02,3.48000E+02,2.18290E+04,0.00000E+00,0.00000E+00
310,7.78000E+04,9.46600E+03,1.31300E+04,5.09000E+02,4.82000E+02,3.39000E+02,2.38160E+04,0.00000E+00,0.00000E+00
320,8.58440E+04,1.04360E+04,1.42960E+04,5.25000E+02,5.15000E+02,3.59000E+02,2.60180E+04,0.00000E+00,0.00000E+00
330,9.40680E+04,1.13000E+04,1.55740E+04,5.41000E+02,5.15000E+02,3.68000E+02,2.81790E+04,0.00000E+00,0.00000E+00
340,1.02142E+05,1.19070E+04,1.64500E+04,5.62000E+02,5.33000E+02,4.00000E+02,2.97290E+04,0.00000E+00,0.00000E+00
350,1.09713E+05,1.26100E+04,1.75500E+04,5.70000E+02,5.56000E+02,4.03000E+02,3.15670E+04,0.00000E+00,0.00000E+00
360,1.17156E+05,1.33560E+04,1.87130E+04,5.94000E+02,5.80000E+02,4.15000E+02,3.35280E+04,0.00000E+00,0.00000E+00
370,1.24318E+05,1.39640E+04,1.95790E+04,6.19000E+02,6.06000E+02,3.92000E+02,3.50260E+04,0.00000E+00,0.00000E+00
380,1.31592E+05,1.44330E+04,2.03080E+04,6.36000E+02,6.24000E+02,4.37000E+02,3.62960E+04,0.00000E+00,0.00000E+00
390,1.37616E+05,1.46970E+04,2.13790E+04,6.56000E+02,6.45000E+02,4.06000E+02,3.76470E+04,0.00000E+00,0.00000E+00
400,1.43656E+05,1.50250E+04,2.16810E+04,6.74000E+02,6.61000E+02,3.88000E+02,3.83050E+04,0.00000E+00,0.00000E+00
410,1.48505E+05,1.53890E+04,2.21470E+04,6.78000E+02,6.76000E+02,4.08000E+02,3.91670E+04,0.00000E+00,0.00000E+00
420,1.53314E+05,1.55480E+04,2.25000E+04,6.90000E+02,6.80000E+02,4.23000E+02,3.97070E+04,0.00000E+00,0.00000E+00
430,1.57077E+05,1.58380E+04,2.24560E+04,7.15000E+02,6.89000E+02,3.80000E+02,3.99530E+04,0.00000E+00,0.00000E+00
440,1.59899E+05,1.58640E+04,2.26430E+04,7.30000E+02,7.05000E+02,4.04000E+02,4.02070E+04,0.00000E+00,0.00000E+00
450,1.62202E+05,1.57020E+04,2.29880E+04,7.43000E+02,7.04000E+02,3.67000E+02,4.03680E+04,0.00000E+00,0.00000E+00
460,1.63397E+05,1.57340E+04,2.28920E+04,7.58000E+02,7.10000E+02,3.66000E+02,4.03270E+04,0.00000E+00,0.00000E+00
470,1.64312E+05,1.57010E+04,2.27440E+04,7.61000E+02,7.26000E+02,3.75000E+02,4.01730E+04,0.00000E+00,0.00000E+00
480,1.64664E+05,1.55410E+04,2.27060E+04,7.72000E+02,7.34000E+02,3.65000E+02,3.99830E+04,0.00000E+00,0.00000E+00
490,1.65076E+05,1.51600E+04,2.23980E+04,7.73000E+02,7.39000E+02,3.46000E+02,3.92830E+04,0.00000E+00,0.00000E+00
500,1.64628E+05,1.48140E+04,2.22490E+04,7.82000E+02,7.55000E+02,3.49000E+02,3.88160E+04,0.00000E+00,0.00000E+00
510,1.63257E+05,1.45310E+04,2.18430E+04,7.85000E+02,7.60000E+02,3.17000E+02,3.81080E+04,0.00000E+00,0.00000E+00
520,1.61453E+05,1.43800E+04,2.13730E+04,7.85000E+02,7.52000E+02,2.98000E+02,3.74700E+04,0.00000E+00,0.00000E+00
530,1.58687E+05,1.39940E+04,2.09430E+04,7.80000E+02,7.50000E+02,2.94000E+02,3.66460E+04,0.00000E+00,0.00000E+00
540,1.55988E+05,1.35660E+04,2.02600E+04,7.82000E+02,7.44000E+02,2.65000E+02,3.55100E+04,0.00000E+00,0.00000E+00
550,1.53113E+05,1.31150E+04,1.96600E+04,7.83000E+02,7.46000E+02,2.53000E+02,3.44440E+04,0.00000E+00,0.00000E+00
560,1.49581E+05,1.25170E+04,1.88470E+04,7.76000E+02,7.34000E+02,2.47000E+02,3.30120E+04,0.00000E+00,0.00000E+00
570,1.46058E+05,1.20820E+04,1.83550E+04,7.73000E+02,7.40000E+02,2.62000E+02,3.21070E+04,0.00000E+00,0.00000E+00
580,1.42087E+05,1.17470E+04,1.76980E+04,7.86000E+02,7.48000E+02,3.46000E+02,3.12130E+04,0.00000E+00,0.00000E+00
590,1.39848E+05,1.14810E+04,1.74200E+04,0.00000E+00,0.00000E+00,1.06000E+02,2.89010E+04,0.00000E+00,0.00000E+00
