DEPTH,GAMMAS,POSITRONS,ELECTRONS,MU+,MU-,HADRONS,CHARGED,NUCLEI,CHERENKOV
10,0.00000E+00,0.00000E+00,0.00000E+00,0.00000E+00,0.00000E+00,0.00000E+00,1.00000E+00,1.00000E+00,0.00000E+00
20,0.00000E+00,0.00000E+00,0.00000E+00,0.00000E+00,0.00000E+00,0.00000E+00,1.00000E+00,1.00000E+00,0.00000E+00
30,0.00000E+00,0.00000E+00,0.00000E+00,0.00000E+00,0.00000E+00,0.00000E+00,1.00000E+00,1.00000E+00,0.00000E+00
40,0.00000E+00,0.00000E+00,0.00000E+00,0.00000E+00,0.00000E+00,0.00000E+00,1.00000E+00,1.00000E+00,0.00000E+00
50,0.00000E+00,0.00000E+00,0.00000E+00,0.00000E+00,0.00000E+00,0.00000E+00,1.00000E+00,1.00000E+00,0.00000E+00
60,0.00000E+00,0.00000E+00,0.00000E+00,0.00000E+00,0.00000E+00,0.00000E+00,1.00000E+00,1.00000E+00,0.00000E+00
70,0.00000E+00,0.00000E+00,0.00000E+00,0.00000E+00,0.00000E+00,0.00000E+00,1.00000E+00,1.00000E+00,0.00000E+00
80,0.00000E+00,0.00000E+00,0.00000E+00,0.00000E+00,0.00000E+00,0.00000E+00,1.00000E+00,1.00000E+00,0.00000E+00
90,1.05000E+02,1.10000E+01,1.20000E+01,2.00000E+01,1.30000E+01,7.20000E+01,1.21000E+02,0.00000E+00,0.00000E+00
100,2.90000E+02,4.30000E+01,4.80000E+01,3.50000E+01,4.00000E+01,1.06000E+02,2.59000E+02,0.00000E+00,0.00000E+00
110,6.64000E+02,1.09000E+02,1.23000E+02,1.02000E+02,9.50000E+01,1.55000E+02,5.58000E+02,0.00000E+00,0.00000E+00
120,1.25100E+03,2.21000E+02,2.57000E+02,1.28000E+02,1.35000E+02,1.43000E+02,8.56000E+02,0.00000E+00,0.00000E+00
130,2.02400E+03,3.88000E+02,4.62000E+02,1.34000E+02,1.50000E+02,1.44000E+02,1.24100E+03,0.00000E+00,0.00000E+00
140,3.28400E+03,5.61000E+02,7.09000E+02,1.50000E+02,1.74000E+02,1.64000E+02,1.71300E+03,0.00000E+00,0.00000E+00
150,4.86100E+03,8.27000E+02,1.06600E+03,1.69000E+02,1.92000E+02,1.58000E+02,2.36900E+03,0.00000E+00,0.00000E+00
160,6.92600E+03,1.14700E+03,1.51800E+03,1.80000E+02,2.09000E+02,1.69000E+02,3.17700E+03,0.00000E+00,0.00000E+00
170,9.44500E+03,1.51400E+03,1.99500E+03,1.94000E+02,2.21000E+02,1.71000E+02,4.04800E+03,0.00000E+00,0.00000E+00
180,1.25700E+04,1.98800E+03,2.60300E+03,2.19000E+02,2.37000E+02,1.78000E+02,5.17000E+03,0.00000E+00,0.00000E+00
190,1.61640E+04,2.47000E+03,3.32200E+03,2.34000E+02,2.42000E+02,1.60000E+02,6.37500E+03,0.00000E+00,0.00000E+00
200,2.01970E+04,3.00300E+03,4.03200E+03,2.39000E+02,2.47000E+02,1.65000E+02,7.63100E+03,0.00000E+00,0.00000E+00
210,2.49130E+04,3.57800E+03,4.78800E+03,2.50000E+02,2.61000E+02,1.98000E+02,9.01800E+03,0.00000E+00,0.00000E+00
220,2.97230E+04,4.23300E+03,5.69900E+03,2.63000E+02,2.73000E+02,2.18000E+02,1.06290E+04,0.00000E+00,0.00000E+00
230,3.49310E+04,4.71500E+03,6.52200E+03,2.83000E+02,2.91000E+02,2.11000E+02,1.19580E+04,0.00000E+00,0.00000E+00
240,4.04100E+04,5.30000E+03,7.33500E+03,3.24000E+02,3.27000E+02,3.34000E+02,1.35360E+04,0.00000E+00,0.00000E+00
250,4.59250E+04,5.97700E+03,8.16100E+03,3.70000E+02,3.66000E+02,3.35000E+02,1.51160E+04,0.00000E+00,0.00000E+00
260,5.20470E+04,6.66100E+03,9.05800E+03,4.01000E+02,3.92000E+02,3.63000E+02,1.67680E+04,0.00000E+00,0.00000E+00
270,5.82510E+04,7.20600E+03,1.00910E+04,4.54000E+02,4.55000E+02,4.03000E+02,1.85000E+04,0.00000E+00,0.00000E+00
280,6.44670E+04,7.89700E+03,1.08950E+04,4.87000E+02,4.91000E+02,4.07000E+02,2.00540E+04,0.00000E+00,0.00000E+00
290,7.05810E+04,8.49700E+03,1.17870E+04,5.04000E+02,5.07000E+02,4.07000E+02,2.15780E+04,0.00000E+00,0.00000E+00
300,7.72040E+04,9.07500E+03,1.25090E+04,5.30000E+02,5.39000E+02,4.13000E+02,2.29340E+04,0.00000E+00,0.00000E+00
310,8.29340E+04,9.68900E+03,1.34780E+04,5.43000E+02,5.46000E+02,3.69000E+02,2.44960E+04,0.00000E+00,0.00000E+00
320,8.89660E+04,1.00790E+04,1.41900E+04,5.69000E+02,5.71000E+02,3.99000E+02,2.56730E+04,0.00000E+00,0.00000E+00
330,9.47010E+04,1.05030E+04,1.47540E+04,6.04000E+02,5.93000E+02,5.07000E+02,2.68040E+04,0.00000E+00,0.00000E+00
340,1.00071E+05,1.08390E+04,1.54080E+04,6.43000E+02,6.25000E+02,4.77000E+02,2.78280E+04,0.00000E+00,0.00000E+00
350,1.05607E+05,1.13720E+04,1.60400E+04,6.59000E+02,6.43000E+02,5.39000E+02,2.90860E+04,0.00000E+00,0.00000E+00
360,1.10914E+05,1.17350E+04,1.66040E+04,7.15000E+02,6.80000E+02,5.62000E+02,3.01300E+04,0.00000E+00,0.00000E+00
370,1.15826E+05,1.23190E+04,1.73690E+04,7.45000E+02,7.18000E+02,5.46000E+02,3.15360E+04,0.00000E+00,0.00000E+00
380,1.20861E+05,1.26770E+04,1.79780E+04,7.84000E+02,7.66000E+02,5.55000E+02,3.26000E+04,0.00000E+00,0.00000E+00
390,1.25215E+05,1.30730E+04,1.85500E+04,8.21000E+02,8.00000E+02,5.71000E+02,3.36480E+04,0.00000E+00,0.00000E+00
400,1.29613E+05,1.33720E+04,1.92320E+04,8.35000E+02,8.17000E+02,5.38000E+02,3.46230E+04,0.00000E+00,0.00000E+00
410,1.33764E+05,1.35330E+04,1.94970E+04,8.52000E+02,8.34000E+02,5.56000E+02,3.50930E+04,0.00000E+00,0.00000E+00
420,1.37706E+05,1.39600E+04,1.99700E+04,8.60000E+02,8.64000E+02,5.24000E+02,3.60080E+04,0.00000E+00,0.00000E+00
430,1.41134E+05,1.42630E+04,2.06140E+04,8.86000E+02,9.00000E+02,5.22000E+02,3.70180E+04,0.00000E+00,0.00000E+00
440,1.44676E+05,1.43930E+04,2.07130E+04,9.09000E+02,9.13000E+02,5.14000E+02,3.72710E+04,0.00000E+00,0.00000E+00
450,1.47780E+05,1.46410E+04,2.12180E+04,9.40000E+02,9.36000E+02,5.15000E+02,3.80880E+04,0.00000E+00,0.00000E+00
460,1.50757E+05,1.47330E+04,2.15200E+04,9.56000E+02,9.45000E+02,5.30000E+02,3.85230E+04,0.00000E+00,0.00000E+00
470,1.53411E+05,1.51910E+04,2.19740E+04,9.53000E+02,9.59000E+02,5.06000E+02,3.94260E+04,0.00000E+00,0.00000E+00
480,1.56123E+05,1.50950E+04,2.20170E+04,9.66000E+02,9.54000E+02,4.87000E+02,3.93580E+04,0.00000E+00,0.00000E+00
490,1.58047E+05,1.53010E+04,2.22050E+04,9.66000E+02,9.66000E+02,4.77000E+02,3.97580E+04,0.00000E+00,0.00000E+00
500,1.59289E+05,1.52550E+04,2.19630E+04,9.57000E+02,9.68000E+02,4.57000E+02,3.94480E+04,0.00000E+00,0.00000E+00
510,1.60422E+05,1.53160E+04,2.22550E+04,9.66000E+02,9.86000E+02,4.69000E+02,3.98400E+04,0.00000E+00,0.00000E+00
520,1.61216E+05,1.50320E+04,2.21800E+04,9.87000E+02,1.00100E+03,4.57000E+02,3.94990E+04,0.00000E+00,0.00000E+00
530,1.61776E+05,1.48560E+04,2.19160E+04,1.01500E+03,1.00900E+03,4.39000E+02,3.90750E+04,0.00000E+00,0.00000E+00
540,1.60897E+05,1.48740E+04,2.17330E+04,1.01700E+03,1.01600E+03,4.11000E+02,3.88990E+04,0.00000E+00,0.00000E+00
550,1.59588E+05,1.44440E+04,2.13480E+04,1.00300E+03,1.00300E+03,3.90000E+02,3.80440E+04,0.00000E+00,0.00000E+00
560,1.58265E+05,1.43550E+04,2.11230E+04,1.00600E+03,1.01200E+03,3.77000E+02,3.77320E+04,0.00000E+00,0.00000E+00
570,1.56549E+05,1.41280E+04,2.05980E+04,9.99000E+02,1.00000E+03,3.90000E+02,3.69720E+04,0.00000E+00,0.00000E+00
580,1.54371E+05,1.37000E+04,2.00320E+04,1.01500E+03,1.00200E+03,3.76000E+02,3.59800E+04,0.00000E+00,0.00000E+00
590,1.52252E+05,1.33000E+04,1.95560E+04,1.01400E+03,1.02400E+03,3.90000E+02,3.51380E+04,0.00000E+00,0.00000E+00
600,1.49292E+05,1.28170E+04,1.92630E+04,1.02300E+03,1.02000E+03,3.55000E+02,3.43340E+04,0.00000E+00,0.00000E+00
610,1.46547E+05,1.25210E+04,1.88230E+04,1.01400E+03,1.00700E+03,3.42000E+02,3.35690E+04,0.00000E+00,0.00000E+00
620,1.43381E+05,1.21920E+04,1.84260E+04,1.01400E+03,1.01100E+03,3.42000E+02,3.28490E+04,0.00000E+00,0.00000E+00
630,1.40511E+05,1.17680E+04,1.79390E+04,1.02200E+03,1.01400E+03,3.44000E+02,3.19510E+04,0.00000E+00,0.00000E+00
640,1.37375E+05,1.15400E+04,1.76150E+04,1.03000E+03,1.00900E+03,3.63000E+02,3.14210E+04,0.00000E+00,0.00000E+00
650,1.34253E+05,1.12090E+04,1.69520E+04,1.03000E+03,1.02300E+03,3.08000E+02,3.03930E+04,0.00000E+00,0.00000E+00
660,1.30780E+05,1.08380E+04,1.64840E+04,1.02400E+03,1.01900E+03,3.34000E+02,2.95670E+04,0.00000E+00,0.00000E+00
670,1.27209E+05,1.04800E+04,1.59060E+04,1.03100E+03,1.01400E+03,3.13000E+02,2.86190E+04,0.00000E+00,0.00000E+00
680,1.23620E+05,1.01590E+04,1.55380E+04,1.02300E+03,1.01200E+03,2.88000E+02,2.79010E+04,0.00000E+00,0.00000E+00
690,1.19743E+05,9.69200E+03,1.47790E+04,1.01000E+03,1.00700E+03,2.75000E+02,2.66490E+04,0.00000E+00,0.00000E+00
700,1.16048E+05,9.42100E+03,1.44660E+04,1.00200E+03,1.00200E+03,2.69000E+02,2.60460E+04,0.00000E+00,0.00000E+00
710,1.12259E+05,9.08500E+03,1.38510E+04,9.99000E+02,9.91000E+02,2.46000E+02,2.50670E+04,0.00000E+00,0.00000E+00
720,1.08853E+05,8.61500E+03,1.31770E+04,9.95000E+02,9.85000E+02,2.22000E+02,2.38940E+04,0.00000E+00,0.00000E+00
730,1.05304E+05,8.30200E+03,1.26280E+04,9.91000E+02,9.78000E+02,2.09000E+02,2.30260E+04,0.00000E+00,0.00000E+00
740,1.01496E+05,8.04500E+03,1.22330E+04,9.84000E+02,9.79000E+02,1.95000E+02,2.23630E+04,0.00000E+00,0.00000E+00
750,9.77460E+04,7.85900E+03,1.18090E+04,9.86000E+02,9.73000E+02,1.97000E+02,2.17600E+04,0.00000E+00,0.00000E+00
760,9.41340E+04,7.56800E+03,1.15050E+04,9.79000E+02,9.66000E+02,1.84000E+02,2.11410E+04,0.00000E+00,0.00000E+00
770,9.06870E+04,7.16400E+03,1.08680E+04,9.74000E+02,9.59000E+02,1.82000E+02,2.00850E+04,0.00000E+00,0.00000E+00
780,8.74010E+04,6.84500E+03,1.05340E+04,9.73000E+02,9.60000E+02,1.75000E+02,1.94260E+04,0.00000E+00,0.00000E+00
790,8.41310E+04,6.53000E+03,1.00920E+04,9.74000E+02,9.55000E+02,1.70000E+02,1.86620E+04,0.00000E+00,0.00000E+00
800,8.07740E+04,6.20900E+03,9.58800E+03,9.57000E+02,9.49000E+02,1.63000E+02,1.78070E+04,0.00000E+00,0.00000E+00
810,7.75610E+04,6.07100E+03,9.27200E+03,9.65000E+02,9.47000E+02,1.73000E+02,1.73730E+04,0.00000E+00,0.00000E+00
820,7.43020E+04,5.69000E+03,8.78800E+03,9.66000E+02,9.43000E+02,1.71000E+02,1.65030E+04,0.00000E+00,0.00000E+00
830,7.11130E+04,5.41200E+03,8.43100E+03,9.67000E+02,9.51000E+02,1.69000E+02,1.58750E+04,0.00000E+00,0.00000E+00
840,6.82010E+04,5.28800E+03,8.19400E+03,9.67000E+02,9.44000E+02,1.60000E+02,1.54950E+04,0.00000E+00,0.00000E+00
850,6.51380E+04,4.90800E+03,7.70200E+03,9.63000E+02,9.46000E+02,1.55000E+02,1.46130E+04,0.00000E+00,0.00000E+00
860,6.22340E+04,4.63700E+03,7.37700E+03,9.49000E+02,9.33000E+02,1.50000E+02,1.39840E+04,0.00000E+00,0.00000E+00
870,5.91800E+04,4.47100E+03,7.01100E+03,9.43000E+02,9.21000E+02,1.57000E+02,1.34410E+04,0.00000E+00,0.00000E+00
880,5.64970E+04,4.23400E+03,6.52100E+03,9.43000E+02,9.20000E+02,1.46000E+02,1.26980E+04,0.00000E+00,0.00000E+00
890,5.38920E+04,4.02700E+03,6.32800E+03,9.40000E+02,9.10000E+02,1.27000E+02,1.22730E+04,0.00000E+00,0.00000E+00
900,5.11970E+04,3.85600E+03,6.00100E+03,9.28000E+02,8.99000E+02,1.18000E+02,1.17460E+04,0.00000E+00,0.00000E+00
910,4.87510E+04,3.57300E+03,5.60400E+03,9.27000E+02,8.91000E+02,1.18000E+02,1.10650E+04,0.00000E+00,0.00000E+00
920,4.62170E+04,3.41400E+03,5.28000E+03,9.22000E+02,8.84000E+02,1.22000E+02,1.05730E+04,0.00000E+00,0.00000E+00
930,4.37820E+04,3.19800E+03,4.94100E+03,9.15000E+02,8.72000E+02,1.12000E+02,9.99100E+03,0.00000E+00,0.00000E+00
940,4.15730E+04,2.98900E+03,4.75200E+03,9.18000E+02,8.60000E+02,1.08000E+02,9.58200E+03,0.00000E+00,0.00000E+00
950,3.94200E+04,2.83700E+03,4.49200E+03,9.03000E+02,8.49000E+02,9.80000E+01,9.13500E+03,0.00000E+00,0.00000E+00
960,3.70650E+04,2.57400E+03,4.23400E+03,9.00000E+02,8.43000E+02,8.60000E+01,8.59700E+03,0.00000E+00,0.00000E+00
970,3.50660E+04,2.45600E+03,3.83700E+03,8.88000E+02,8.39000E+02,7.40000E+01,8.06200E+03,0.00000E+00,0.00000E+00
980,3.29290E+04,2.38100E+03,3.75700E+03,8.75000E+02,8.35000E+02,6.70000E+01,7.88500E+03,0.00000E+00,0.00000E+00
990,3.12100E+04,2.18000E+03,3.48900E+03,8.59000E+02,8.28000E+02,5.90000E+01,7.38700E+03,0.00000E+00,0.00000E+00
1000,2.93640E+04,2.03900E+03,3.23500E+03,8.48000E+02,8.19000E+02,5.30000E+01,6.96800E+03,0.00000E+00,0.00000E+00
1010,2.75520E+04,1.87300E+03,2.93900E+03,8.38000E+02,8.04000E+02,5.30000E+01,6.48400E+03,0.00000E+00,0.00000E+00
1020,2.59720E+04,1.75700E+03,2.75200E+03,8.27000E+02,7.94000E+02,5.00000E+01,6.15800E+03,0.00000E+00,0.00000E+00
1030,2.43560E+04,1.74100E+03,2.65700E+03,8.13000E+02,7.86000E+02,4.30000E+01,6.02000E+03,0.00000E+00,0.00000E+00
1040,2.35300E+04,1.62300E+03,2.53500E+03,0.00000E+00,0.00000E+00,2.20000E+01,4.15800E+03,0.00000E+00,0.00000E+00
