DEPTH,GAMMAS,POSITRONS,ELECTRONS,MU+,MU-,HADRONS,CHARGED,NUCLEI,CHERENKOV
10,0.00000E+00,0.00000E+00,0.00000E+00,0.00000E+00,0.00000E+00,1.00000E+00,1.00000E+00,0.00000E+00,0.00000E+00
20,0.00000E+00,0.00000E+00,0.00000E+00,0.00000E+00,0.00000E+00,1.00000E+00,1.00000E+00,0.00000E+00,0.00000E+00
30,0.00000E+00,0.00000E+00,0.00000E+00,0.00000E+00,0.00000E+00,1.00000E+00,1.00000E+00,0.00000E+00,0.00000E+00
40,0.00000E+00,0.00000E+00,0.00000E+00,0.00000E+00,0.00000E+00,1.00000E+00,1.00000E+00,0.00000E+00,0.00000E+00
50,0.00000E+00,0.00000E+00,0.00000E+00,0.00000E+00,0.00000E+00,1.00000E+00,1.00000E+00,0.00000E+00,0.00000E+00
60,0.00000E+00,0.00000E+00,0.00000E+00,0.00000E+00,0.00000E+00,1.00000E+00,1.00000E+00,0.00000E+00,0.00000E+00
70,0.00000E+00,0.00000E+00,0.00000E+00,0.00000E+00,0.00000E+00,1.00000E+00,1.00000E+00,0.00000E+00,0.00000E+00
80,0.00000E+00,0.00000E+00,0.00000E+00,0.00000E+00,0.00000E+00,1.00000E+00,1.00000E+00,0.00000E+00,0.00000E+00
90,0.00000E+00,0.00000E+00,0.00000E+00,0.00000E+00,0.00000E+00,1.00000E+00,1.00000E+00,0.00000E+00,0.00000E+00
100,0.00000E+00,0.00000E+00,0.00000E+00,0.00000E+00,0.00000E+00,1.00000E+00,1.00000E+00,0.00000E+00,0.00000E+00
110,0.00000E+00,0.00000E+00,0.00000E+00,0.00000E+00,0.00000E+00,1.00000E+00,1.00000E+00,0.00000E+00,0.00000E+00
120,0.00000E+00,0.00000E+00,0.00000E+00,0.00000E+00,0.00000E+00,1.00000E+00,1.00000E+00,0.00000E+00,0.00000E+00
130,0.00000E+00,0.00000E+00,0.00000E+00,0.00000E+00,0.00000E+00,1.00000E+00,1.00000E+00,0.00000E+00,0.00000E+00
140,0.00000E+00,0.00000E+00,0.00000E+00,0.00000E+00,0.00000E+00,1.00000E+00,1.00000E+00,0.00000E+00,0.00000E+00
150,0.00000E+00,0.00000E+00,0.00000E+00,0.00000E+00,0.00000E+00,1.00000E+00,1.00000E+00,0.00000E+00,0.00000E+00
160,2.90000E+01,2.00000E+00,3.00000E+00,1.00000E+00,1.00000E+00,1.80000E+01,2.30000E+01,0.00000E+00,0.00000E+00
170,4.40000E+01,1.30000E+01,1.50000E+01,2.00000E+00,1.00000E+00,1.70000E+01,4.60000E+01,0.00000E+00,0.00000E+00
180,1.07000E+02,1.90000E+01,2.30000E+01,2.00000E+00,1.00000E+00,1.80000E+01,6.20000E+01,0.00000E+00,0.00000E+00
190,1.97000E+02,3.60000E+01,3.70000E+01,6.00000E+00,4.00000E+00,2.50000E+01,1.07000E+02,0.00000E+00,0.00000E+00
200,4.87000E+02,8.10000E+01,9.10000E+01,2.60000E+01,3.00000E+01,1.08000E+02,3.18000E+02,0.00000E+00,0.00000E+00
210,8.22000E+02,1.45000E+02,1.63000E+02,5.30000E+01,5.60000E+01,1.01000E+02,4.95000E+02,0.00000E+00,0.00000E+00
220,1.36500E+03,2.49000E+02,3.00000E+02,7.30000E+01,8.30000E+01,1.24000E+02,8.05000E+02,0.00000E+00,0.00000E+00
230,2.18400E+03,3.84000E+02,4.67000E+02,9.50000E+01,1.01000E+02,1.32000E+02,1.15200E+03,0.00000E+00,0.00000E+00
240,3.15300E+03,5.32000E+02,6.79000E+02,1.00000E+02,1.08000E+02,1.52000E+02,1.53600E+03,0.00000E+00,0.00000E+00
250,4.71100E+03,7.61000E+02,9.57000E+02,1.48000E+02,1.42000E+02,2.94000E+02,2.24600E+03,0.00000E+00,0.00000E+00
260,6.58200E+03,1.02300E+03,1.36800E+03,2.13000E+02,2.01000E+02,3.45000E+02,3.08300E+03,0.00000E+00,0.00000E+00
270,8.91400E+03,1.44700E+03,1.83700E+03,2.50000E+02,2.47000E+02,3.38000E+02,4.04200E+03,0.00000E+00,0.00000E+00
280,1.22650E+04,1.92900E+03,2.49700E+03,3.00000E+02,2.91000E+02,3.99000E+02,5.32800E+03,0.00000E+00,0.00000E+00
290,1.61200E+04,2.54800E+03,3.29600E+03,3.38000E+02,3.25000E+02,4.03000E+02,6.80800E+03,0.00000E+00,0.00000E+00
300,2.05120E+04,3.23800E+03,4.17000E+03,3.74000E+02,3.75000E+02,4.17000E+02,8.46500E+03,0.00000E+00,0.00000E+00
310,2.58690E+04,3.81500E+03,5.06200E+03,4.12000E+02,4.11000E+02,5.02000E+02,1.00790E+04,0.00000E+00,0.00000E+00
320,3.17520E+04,4.62800E+03,6.15300E+03,4.64000E+02,4.74000E+02,4.98000E+02,1.20860E+04,0.00000E+00,0.00000E+00
330,3.86020E+04,5.52100E+03,7.32200E+03,5.15000E+02,5.23000E+02,5.12000E+02,1.42440E+04,0.00000E+00,0.00000E+00
340,4.65020E+04,6.54900E+03,8.65400E+03,5.50000E+02,5.51000E+02,5.44000E+02,1.66860E+04,0.00000E+00,0.00000E+00
350,5.48490E+04,7.55900E+03,1.01350E+04,5.81000E+02,6.04000E+02,5.33000E+02,1.92520E+04,0.00000E+00,0.00000E+00
360,6.39740E+04,8.61300E+03,1.15240E+04,5.99000E+02,6.31000E+02,5.10000E+02,2.17120E+04,0.00000E+00,0.00000E+00
370,7.34370E+04,9.80000E+03,1.32570E+04,6.29000E+02,6.59000E+02,5.11000E+02,2.46930E+04,0.00000E+00,0.00000E+00
380,8.40290E+04,1.09770E+04,1.49030E+04,6.61000E+02,7.04000E+02,6.02000E+02,2.76690E+04,0.00000E+00,0.00000E+00
390,9.47540E+04,1.20820E+04,1.64440E+04,7.09000E+02,7.45000E+02,5.74000E+02,3.03840E+04,0.00000E+00,0.00000E+00
400,1.05651E+05,1.32570E+04,1.81380E+04,7.35000E+02,7.68000E+02,5.66000E+02,3.32960E+04,0.00000E+00,0.00000E+00
410,1.17470E+05,1.43780E+04,1.99420E+04,7.89000E+02,8.31000E+02,6.30000E+02,3.63860E+04,0.00000E+00,0.00000E+00
420,1.29102E+05,1.55800E+04,2.15100E+04,8.43000E+02,8.65000E+02,6.54000E+02,3.92660E+04,0.00000E+00,0.00000E+00
430,1.40789E+05,1.68740E+04,2.30740E+04,8.75000E+02,8.93000E+02,6.05000E+02,4.21340E+04,0.00000E+00,0.00000E+00
440,1.52443E+05,1.78360E+04,2.48400E+04,9.32000E+02,9.32000E+02,6.11000E+02,4.49550E+04,0.00000E+00,0.00000E+00
450,1.63817E+05,1.86870E+04,2.64040E+04,9.45000E+02,9.49000E+02,5.97000E+02,4.73830E+04,0.00000E+00,0.00000E+00
460,1.74036E+05,1.96000E+04,2.74340E+04,9.53000E+02,9.64000E+02,5.77000E+02,4.93260E+04,0.00000E+00,0.00000E+00
470,1.83841E+05,2.03340E+04,2.87850E+04,9.79000E+02,1.00000E+03,6.12000E+02,5.14990E+04,0.00000E+00,0.00000E+00
480,1.93388E+05,2.09570E+04,2.95490E+04,1.00200E+03,1.00000E+03,5.81000E+02,5.28900E+04,0.00000E+00,0.00000E+00
490,2.02131E+05,2.16880E+04,3.03630E+04,1.01400E+03,1.01000E+03,5.51000E+02,5.44310E+04,0.00000E+00,0.00000E+00
500,2.10016E+05,2.21620E+04,3.13830E+04,1.01200E+03,1.01800E+03,5.52000E+02,5.59290E+04,0.00000E+00,0.00000E+00
510,2.16992E+05,2.26530E+04,3.21430E+04,1.01600E+03,1.03800E+03,5.19000E+02,5.71720E+04,0.00000E+00,0.00000E+00
520,2.23100E+05,2.25610E+04,3.25630E+04,1.01400E+03,1.03300E+03,5.16000E+02,5.74970E+04,0.00000E+00,0.00000E+00
530,2.28040E+05,2.29950E+04,3.33580E+04,1.02600E+03,1.04500E+03,5.21000E+02,5.87580E+04,0.00000E+00,0.00000E+00
540,2.31721E+05,2.28710E+04,3.32700E+04,1.03300E+03,1.05100E+03,4.83000E+02,5.85220E+04,0.00000E+00,0.00000E+00
550,2.34712E+05,2.25140E+04,3.30730E+04,1.04400E+03,1.07400E+03,5.10000E+02,5.80290E+04,0.00000E+00,0.00000E+00
560,2.36451E+05,2.23580E+04,3.28920E+04,1.04000E+03,1.07600E+03,4.58000E+02,5.76460E+04,0.00000E+00,0.00000E+00
570,2.37004E+05,2.21120E+04,3.28370E+04,1.04400E+03,1.08200E+03,4.83000E+02,5.73780E+04,0.00000E+00,0.00000E+00
580,2.37321E+05,2.16660E+04,3.22820E+04,1.05900E+03,1.10900E+03,4.65000E+02,5.64060E+04,0.00000E+00,0.00000E+00
590,2.36317E+05,2.12580E+04,3.18870E+04,1.06800E+03,1.11500E+03,4.45000E+02,5.56050E+04,0.00000E+00,0.00000E+00
600,2.34469E+05,2.08380E+04,3.14310E+04,1.06600E+03,1.11600E+03,4.07000E+02,5.46930E+04,0.00000E+00,0.00000E+00
610,2.31484E+05,2.05440E+04,3.04740E+04,1.07100E+03,1.11100E+03,3.67000E+02,5.34140E+04,0.00000E+00,0.00000E+00
620,2.28187E+05,2.00720E+04,2.98070E+04,1.07200E+03,1.10100E+03,3.52000E+02,5.22560E+04,0.00000E+00,0.00000E+00
630,2.24412E+05,1.94350E+04,2.88280E+04,1.07000E+03,1.08500E+03,3.23000E+02,5.06010E+04,0.00000E+00,0.00000E+00
640,2.20117E+05,1.88610E+04,2.80490E+04,1.06900E+03,1.05900E+03,3.03000E+02,4.92060E+04,0.00000E+00,0.00000E+00
650,2.14768E+05,1.80470E+04,2.70920E+04,1.05700E+03,1.05600E+03,2.91000E+02,4.74200E+04,0.00000E+00,0.00000E+00
660,2.09287E+05,1.72560E+04,2.62130E+04,1.04200E+03,1.03500E+03,2.78000E+02,4.57000E+04,0.00000E+00,0.00000E+00
670,2.03264E+05,1.67680E+04,2.53450E+04,1.03700E+03,1.03000E+03,2.64000E+02,4.43260E+04,0.00000E+00,0.00000E+00
680,1.96840E+05,1.62200E+04,2.43110E+04,1.02400E+03,1.01800E+03,2.43000E+02,4.27050E+04,0.00000E+00,0.00000E+00
690,1.90340E+05,1.51940E+04,2.31800E+04,1.01900E+03,1.00600E+03,2.35000E+02,4.05250E+04,0.00000E+00,0.00000E+00
700,1.83245E+05,1.44520E+04,2.19630E+04,1.00300E+03,9.97000E+02,2.21000E+02,3.85350E+04,0.00000E+00,0.00000E+00
710,1.76009E+05,1.37930E+04,2.12530E+04,9.91000E+02,9.88000E+02,2.25000E+02,3.71470E+04,0.00000E+00,0.00000E+00
720,1.69045E+05,1.31530E+04,2.01100E+04,9.85000E+02,9.86000E+02,2.20000E+02,3.53560E+04,0.00000E+00,0.00000E+00
730,1.61281E+05,1.24730E+04,1.92650E+04,9.78000E+02,9.85000E+02,2.11000E+02,3.38200E+04,0.00000E+00,0.00000E+00
740,1.54161E+05,1.16960E+04,1.79900E+04,9.64000E+02,9.78000E+02,1.96000E+02,3.17380E+04,0.00000E+00,0.00000E+00
750,1.47046E+05,1.09580E+04,1.70470E+04,9.56000E+02,9.69000E+02,2.13000E+02,3.00620E+04,0.00000E+00,0.00000E+00
760,1.39741E+05,1.03910E+04,1.60700E+04,9.50000E+02,9.66000E+02,1.91000E+02,2.84960E+04,0.00000E+00,0.00000E+00
770,1.32598E+05,9.61400E+03,1.52590E+04,9.48000E+02,9.51000E+02,1.76000E+02,2.68790E+04,0.00000E+00,0.00000E+00
780,1.25248E+05,9.09500E+03,1.42950E+04,9.40000E+02,9.41000E+02,1.62000E+02,2.53710E+04,0.00000E+00,0.00000E+00
790,1.18469E+05,8.47700E+03,1.32170E+04,9.39000E+02,9.33000E+02,1.57000E+02,2.36630E+04,0.00000E+00,0.00000E+00
800,1.11714E+05,8.02300E+03,1.26320E+04,9.31000E+02,9.25000E+02,1.44000E+02,2.25990E+04,0.00000E+00,0.00000E+00
810,1.05367E+05,7.49800E+03,1.18100E+04,9.19000E+02,9.12000E+02,1.37000E+02,2.12240E+04,0.00000E+00,0.00000E+00
820,9.91360E+04,7.00400E+03,1.11130E+04,9.11000E+02,9.01000E+02,1.24000E+02,2.00040E+04,0.00000E+00,0.00000E+00
830,9.32820E+04,6.45900E+03,1.01750E+04,8.99000E+02,8.95000E+02,1.24000E+02,1.85030E+04,0.00000E+00,0.00000E+00
840,8.74470E+04,6.01900E+03,9.30800E+03,8.90000E+02,8.90000E+02,1.30000E+02,1.71860E+04,0.00000E+00,0.00000E+00
850,8.19480E+04,5.60500E+03,8.94600E+03,8.84000E+02,8.88000E+02,1.34000E+02,1.64050E+04,0.00000E+00,0.00000E+00
860,7.67100E+04,5.28300E+03,8.22600E+03,8.74000E+02,8.79000E+02,1.37000E+02,1.53460E+04,0.00000E+00,0.00000E+00
870,7.16830E+04,4.91300E+03,7.66400E+03,8.72000E+02,8.71000E+02,1.21000E+02,1.43900E+04,0.00000E+00,0.00000E+00
880,6.71660E+04,4.57500E+03,7.17700E+03,8.70000E+02,8.69000E+02,1.03000E+02,1.35480E+04,0.00000E+00,0.00000E+00
890,6.27820E+04,4.30400E+03,6.89400E+03,8.58000E+02,8.60000E+02,1.01000E+02,1.29720E+04,0.00000E+00,0.00000E+00
900,5.88700E+04,3.97500E+03,6.41000E+03,8.51000E+02,8.51000E+02,9.90000E+01,1.21440E+04,0.00000E+00,0.00000E+00
910,5.50770E+04,3.67300E+03,5.85300E+03,8.47000E+02,8.50000E+02,8.70000E+01,1.12720E+04,0.00000E+00,0.00000E+00
920,5.13840E+04,3.48600E+03,5.59800E+03,8.37000E+02,8.42000E+02,8.20000E+01,1.08100E+04,0.00000E+00,0.00000E+00
930,4.80950E+04,3.21300E+03,5.15700E+03,8.24000E+02,8.40000E+02,7.50000E+01,1.00760E+04,0.00000E+00,0.00000E+00
940,4.49090E+04,2.98200E+03,4.67800E+03,8.15000E+02,8.30000E+02,6.40000E+01,9.33600E+03,0.00000E+00,0.00000E+00
950,4.17060E+04,2.82000E+03,4.35800E+03,8.12000E+02,8.20000E+02,6.60000E+01,8.84000E+03,0.00000E+00,0.00000E+00
960,3.86760E+04,2.53700E+03,4.19800E+03,8.09000E+02,8.07000E+02,6.00000E+01,8.37900E+03,0.00000E+00,0.00000E+00
970,3.58320E+04,2.33500E+03,3.77600E+03,8.06000E+02,8.00000E+02,5.30000E+01,7.73900E+03,0.00000E+00,0.00000E+00
980,3.32640E+04,2.15000E+03,3.40600E+03,7.99000E+02,7.86000E+02,4.90000E+01,7.16200E+03,0.00000E+00,0.00000E+00
990,3.08160E+04,1.95900E+03,3.19900E+03,7.89000E+02,7.73000E+02,4.80000E+01,6.74200E+03,0.00000E+00,0.00000E+00
1000,2.86110E+04,1.84100E+03,3.03500E+03,7.82000E+02,7.68000E+02,4.50000E+01,6.44600E+03,0.00000E+00,0.00000E+00
1010,2.64730E+04,1.69700E+03,2.74300E+03,7.75000E+02,7.62000E+02,4.20000E+01,5.99600E+03,0.00000E+00,0.00000E+00
1020,2.44850E+04,1.54900E+03,2.47900E+03,7.71000E+02,7.56000E+02,4.00000E+01,5.57200E+03,0.00000E+00,0.00000E+00
1030,2.26400E+04,1.40200E+03,2.30300E+03,7.65000E+02,7.50000E+02,3.90000E+01,5.23600E+03,0.00000E+00,0.00000E+00
1040,2.16120E+04,1.32900E+03,2.18300E+03,0.00000E+00,0.00000E+00,2.30000E+01,3.51200E+03,0.00000E+00,0.00000E+00
