DEPTH,GAMMAS,POSITRONS,ELECTRONS,MU+,MU-,HADRONS,CHARGED,NUCLEI,CHERENKOV
10,0.00000E+00,0.00000E+00,0.00000E+00,0.00000E+00,0.00000E+00,0.00000E+00,1.00000E+00,1.00000E+00,0.00000E+00
20,0.00000E+00,0.00000E+00,0.00000E+00,0.00000E+00,0.00000E+00,0.00000E+00,1.00000E+00,1.00000E+00,0.00000E+00
30,8.50000E+01,1.00000E+00,2.00000E+00,1.70000E+01,1.20000E+01,6.80000E+01,9.00000E+01,4.00000E+00,0.00000E+00
40,1.86000E+02,3.00000E+01,3.40000E+01,5.90000E+01,5.60000E+01,7.20000E+01,2.32000E+02,2.00000E+00,0.00000E+00
50,9.15000E+02,1.10000E+02,1.27000E+02,1.82000E+02,1.83000E+02,3.57000E+02,9.09000E+02,3.00000E+00,0.00000E+00
60,1.71900E+03,3.22000E+02,3.96000E+02,2.86000E+02,2.73000E+02,2.79000E+02,1.49200E+03,3.00000E+00,0.00000E+00
70,3.21400E+03,5.84000E+02,7.56000E+02,3.33000E+02,3.24000E+02,3.11000E+02,2.22600E+03,3.00000E+00,0.00000E+00
80,5.37200E+03,9.86000E+02,1.22200E+03,3.69000E+02,3.73000E+02,3.12000E+02,3.17700E+03,4.00000E+00,0.00000E+00
90,8.10800E+03,1.47800E+03,1.80700E+03,4.09000E+02,4.10000E+02,3.44000E+02,4.33200E+03,4.00000E+00,0.00000E+00
100,1.15430E+04,2.00100E+03,2.49200E+03,4.31000E+02,4.21000E+02,4.23000E+02,5.63500E+03,4.00000E+00,0.00000E+00
110,1.60850E+04,2.62300E+03,3.30500E+03,4.99000E+02,4.95000E+02,4.23000E+02,7.19700E+03,4.00000E+00,0.00000E+00
120,2.12520E+04,3.38700E+03,4.31400E+03,6.10000E+02,6.04000E+02,5.16000E+02,9.26300E+03,3.00000E+00,0.00000E+00
130,2.71740E+04,4.14500E+03,5.41700E+03,6.39000E+02,6.27000E+02,4.78000E+02,1.11390E+04,3.00000E+00,0.00000E+00
140,3.35030E+04,5.08500E+03,6.60100E+03,6.52000E+02,6.53000E+02,5.01000E+02,1.33160E+04,3.00000E+00,0.00000E+00
150,4.06680E+04,5.94700E+03,7.72400E+03,6.98000E+02,7.00000E+02,5.07000E+02,1.53960E+04,3.00000E+00,0.00000E+00
160,4.79340E+04,6.79400E+03,9.00000E+03,7.32000E+02,7.44000E+02,5.74000E+02,1.76420E+04,3.00000E+00,0.00000E+00
170,5.58270E+04,7.67800E+03,1.02800E+04,7.78000E+02,7.80000E+02,5.88000E+02,1.98910E+04,2.00000E+00,0.00000E+00
180,6.42070E+04,8.56500E+03,1.13910E+04,8.20000E+02,8.23000E+02,5.84000E+02,2.19660E+04,2.00000E+00,0.00000E+00
190,7.23530E+04,9.25200E+03,1.26260E+04,8.66000E+02,8.58000E+02,5.64000E+02,2.39390E+04,1.00000E+00,0.00000E+00
200,7.99630E+04,9.98000E+03,1.36370E+04,8.78000E+02,8.76000E+02,5.86000E+02,2.57390E+04,1.00000E+00,0.00000E+00
210,8.77010E+04,1.06580E+04,1.46050E+04,9.45000E+02,9.53000E+02,6.60000E+02,2.75950E+04,1.00000E+00,0.00000E+00
220,9.49830E+04,1.12660E+04,1.53040E+04,9.95000E+02,1.00000E+03,6.71000E+02,2.89990E+04,0.00000E+00,0.00000E+00
230,1.01856E+05,1.17800E+04,1.62070E+04,1.02700E+03,1.02600E+03,6.81000E+02,3.04770E+04,0.00000E+00,0.00000E+00
240,1.08377E+05,1.20220E+04,1.68850E+04,1.07400E+03,1.06800E+03,7.22000E+02,3.15230E+04,0.00000E+00,0.00000E+00
250,1.14151E+05,1.25420E+04,1.76240E+04,1.12200E+03,1.10700E+03,6.87000E+02,3.28250E+04,0.00000E+00,0.00000E+00
260,1.19123E+05,1.28750E+04,1.82660E+04,1.13700E+03,1.14000E+03,6.70000E+02,3.38320E+04,0.00000E+00,0.00000E+00
270,1.23507E+05,1.31340E+04,1.87250E+04,1.15200E+03,1.14700E+03,6.68000E+02,3.45640E+04,0.00000E+00,0.00000E+00
280,1.27448E+05,1.33020E+04,1.89520E+04,1.16100E+03,1.16000E+03,6.62000E+02,3.49700E+04,0.00000E+00,0.00000E+00
290,1.31383E+05,1.35040E+04,1.92930E+04,1.17700E+03,1.18300E+03,7.03000E+02,3.55960E+04,0.00000E+00,0.00000E+00
300,1.34374E+05,1.37110E+04,1.95810E+04,1.21800E+03,1.22200E+03,7.10000E+02,3.61910E+04,0.00000E+00,0.00000E+00
310,1.37008E+05,1.35690E+04,1.95550E+04,1.24900E+03,1.24600E+03,7.40000E+02,3.61020E+04,0.00000E+00,0.00000E+00
320,1.39242E+05,1.34790E+04,1.97030E+04,1.27900E+03,1.28000E+03,6.89000E+02,3.61870E+04,0.00000E+00,0.00000E+00
330,1.40569E+05,1.33090E+04,1.93980E+04,1.28700E+03,1.29100E+03,6.76000E+02,3.57260E+04,0.00000E+00,0.00000E+00
340,1.41005E+05,1.32840E+04,1.95340E+04,1.31800E+03,1.30700E+03,6.38000E+02,3.58540E+04,0.00000E+00,0.00000E+00
350,1.41283E+05,1.31050E+04,1.92030E+04,1.33700E+03,1.31600E+03,6.57000E+02,3.53840E+04,0.00000E+00,0.00000E+00
360,1.41171E+05,1.27910E+04,1.91660E+04,1.36300E+03,1.32700E+03,6.21000E+02,3.50350E+04,0.00000E+00,0.00000E+00
370,1.40596E+05,1.26810E+04,1.89830E+04,1.35100E+03,1.31500E+03,5.75000E+02,3.46800E+04,0.00000E+00,0.00000E+00
380,1.39867E+05,1.23980E+04,1.85480E+04,1.34900E+03,1.31700E+03,6.13000E+02,3.39960E+04,0.00000E+00,0.00000E+00
390,1.38481E+05,1.22550E+04,1.81760E+04,1.36700E+03,1.32000E+03,5.91000E+02,3.34820E+04,0.00000E+00,0.00000E+00
400,1.36671E+05,1.21750E+04,1.79290E+04,1.37400E+03,1.31400E+03,5.75000E+02,3.31420E+04,0.00000E+00,0.00000E+00
410,1.34606E+05,1.18050E+04,1.76250E+04,1.37600E+03,1.31700E+03,5.37000E+02,3.24390E+04,0.00000E+00,0.00000E+00
420,1.32297E+05,1.12480E+04,1.70560E+04,1.37300E+03,1.32500E+03,5.60000E+02,3.13360E+04,0.00000E+00,0.00000E+00
430,1.29827E+05,1.11490E+04,1.67480E+04,1.37400E+03,1.34100E+03,5.56000E+02,3.09320E+04,0.00000E+00,0.00000E+00
440,1.27247E+05,1.09160E+04,1.63190E+04,1.38900E+03,1.34700E+03,5.47000E+02,3.02880E+04,0.00000E+00,0.00000E+00
450,1.24751E+05,1.05700E+04,1.56720E+04,1.37800E+03,1.35600E+03,5.04000E+02,2.92560E+04,0.00000E+00,0.00000E+00
460,1.21815E+05,1.03210E+04,1.54480E+04,1.36500E+03,1.35800E+03,4.84000E+02,2.87670E+04,0.00000E+00,0.00000E+00
470,1.18457E+05,1.01280E+04,1.49390E+04,1.35900E+03,1.34500E+03,4.38000E+02,2.80120E+04,0.00000E+00,0.00000E+00
480,1.15480E+05,9.63600E+03,1.45100E+04,1.35600E+03,1.34700E+03,4.85000E+02,2.71420E+04,0.00000E+00,0.00000E+00
490,1.12110E+05,9.44200E+03,1.41850E+04,1.36400E+03,1.34800E+03,4.58000E+02,2.66080E+04,0.00000E+00,0.00000E+00
500,1.08937E+05,9.17000E+03,1.35890E+04,1.36500E+03,1.35500E+03,4.55000E+02,2.57480E+04,0.00000E+00,0.00000E+00
510,1.05694E+05,8.77800E+03,1.31280E+04,1.35400E+03,1.35400E+03,4.36000E+02,2.48690E+04,0.00000E+00,0.00000E+00
520,1.02618E+05,8.42800E+03,1.27160E+04,1.35800E+03,1.35100E+03,3.94000E+02,2.40760E+04,0.00000E+00,0.00000E+00
530,9.94400E+04,8.01800E+03,1.22150E+04,1.35300E+03,1.33700E+03,3.63000E+02,2.31380E+04,0.00000E+00,0.00000E+00
540,9.59140E+04,7.68700E+03,1.18480E+04,1.34500E+03,1.33000E+03,3.78000E+02,2.24330E+04,0.00000E+00,0.00000E+00
550,9.23880E+04,7.42300E+03,1.13510E+04,1.34600E+03,1.33200E+03,3.71000E+02,2.16570E+04,0.00000E+00,0.00000E+00
560,8.86030E+04,6.98900E+03,1.06470E+04,1.34800E+03,1.33400E+03,3.47000E+02,2.05030E+04,0.00000E+00,0.00000E+00
570,8.50960E+04,6.58100E+03,1.00700E+04,1.33400E+03,1.33000E+03,3.38000E+02,1.94910E+04,0.00000E+00,0.00000E+00
580,8.14220E+04,6.30900E+03,9.67300E+03,1.31800E+03,1.32500E+03,3.28000E+02,1.88050E+04,0.00000E+00,0.00000E+00
590,7.95610E+04,6.15800E+03,9.43800E+03,0.00000E+00,0.00000E+00,1.42000E+02,1.55960E+04,0.00000E+00,0.00000E+00
